ARGHONTUM

IV. Archontes s. I.

55t5 4555
01. 1722311110 Μήδιιος (10098) ν
01. 172, 3 390189 Μήδειος (10098) ἒ
01.172,4389.·18 Mauo: (10098) ζ.
01. 1711138817 ἀναρχία ‘⁴
01. 173, 2 3 8716 Φιλάνθης (14220)
mfflhffi'ffiw

01. 173, 4 3 8514

01. 174, l = 8413

01. 174, 2 3 8312

01. 174, 3 3 8211

01.174,438110 ΝΙκιινδρος (10677)
01. 175,1380179 Ἀπόληξις (1363)

01. 175, 237918 Πολύχαρμος (12106)
01. 175,337817 Ἀπολλόδωρος (1391)
01.175,437716 Αἰοχραῖος (371)

01. 176,137615 Σέλευκος (12614)

01. 176, 23 7514 Ἦρακλεόδωρος (6507)
01. 176, 3 3 7413

01. 176, 43 732

01. 177, 137211

01. 177,237110

01. 177, 3 3 70169

01. 177, 4 3 6918

g} 1ζὲ ὲ Ξὲξίὲ Ἀριστόξενος (2043)

ΜΜΜΜ &mmo

01· 178‚4= 6511 4 11111ρῶἒέ )111ι1611ου

01. 179, 136413
01. 179, 2 3 6312
01.179,3362,’1 Ἀρισταῖος(1636)
01.179,4361,·0 Θεόφημος (7092)
01. 1801360159 Ἡρῴδης (6538)

01.180,23 -59811εὑκιος19053) 3

Ol. 180,33 -1587 Καλλιφῶν (8231)Ξ1

01. 18043 5716 Διοκλῆς Διοκλέους ἓ
(4032) '⁹⁴

01. 181, 1-— 3565 Κόϊντος (8688)

01. 1812355114 Ἄριστος (2050)

01.181,335413 Ζήν[ων] (6200)

01. 181, 435312 Διόδωρος (3923)

01. 18213 -5211 Λΰοανδρος (9292) „4

οΜΜΜΜΜΜΜ ξ

01.182,33 50149 Δημήτριος (3351114

ΜΜ,3ΜΜΜΜΜ“

01.183,134817 -ο

01. 183, 2 34716

01. 183, 334615

01, 183, 4 3 4514

01. 184, 134413 Λὺσανδροςᾌπολὴξιδος

01.184,234312 (9293)

01. 184, 334211 Νικήτης (11(14. 107544)

01. 184, 4 3 4110

01. 185, 13 40139

01. 185, 2 3 3918

01. 185,33 3817 Εὑδὺδομος (5567)

01.185,433716 Νίκανδρος (10678)

01.186,133615 Διοκλῆς Μελιτεύς ·0
(4040)

01. 186, 23354 Μένανδρος (9861),

01. 186, 33 3413 Kana κρατίδης
(7986) 1

01. 186, 433312 Θεοιιείθης (7001)

01. 187, l = 3211

01. 187, 2 33110

01. 187, 3 3 30129 Ἀρχίτιμος (2567)

2
z

 

