41109011Τῦ11

01. 83, Ι 344811 Φιλίσκος (14419)
01. 83,2344116 Τιμαρχίδης (13615)
01. 83,33446)5 Καλλίμαχος (1992)
01. 83,4344514 Λυσιμαχίδης (9415)
01. 84,1344413 Πραξιτέλης (12166)
01. 84, 2 3 44312 Λυσανίας (9300)
01. 84,8344211 Δίφιλος (4462)
01. 84434410 Τιμοκλῆς (13123)
01. 85, l = 440139 Μσρυχίδης (10418)
01. 85, 2 343918 Γ λαυκῖνος (2915)
01. 85,3 343811 Θεόδωρος (6823)
01. 85, 4 3 4316 Εὐθυμένης (5640)
0186134365 Λυσίμαχος Μυρρι-
νούσιος (9523)
01. 86,2343514 Ἀντιοχίδης (1149)
01. 86,3 3 43413 Κράτης (8140)
01. 86434332 Ἀψιύδης (2801)
0181134321( Πυθόδωρος (12381)
01. 81234310 Εὐθύδημος (5515)
01. 8133430129 Ἀπολλόδωρος (1315)
01. 81, 4 3 42918 Ἐπαμείνων (4158)
01. 88, 1 ιι 42811 Διότιμος (4366)
01. 88, 2 3 42116 Εὐκλῆς Μόλωνος (5109)
01. 88, 3 3 42615 Εὔθυνος (5655)
0188,4342514 Στρατοκλῆς (12921)
01. 89, 1 3 42413 Ἴσαρχος (1685)
01. 89234232 Ἀμεινίας (610) «
01. 89, 3 3 42211 Ἀλκαῖος (512)
01. 89, 4 342110 Ἀριστίων (1132)
01. 90,1 3420119 Ἀστύφιλος (2661)
01. 90, 2 3 41918 Ἀρχίας (2445)
01. 90334181 Ἀντιφῶν (1211) ·
01. 90434116 Εὔφημος (6034)
01. 91, 1341615 Ἀρίμνηστος (1618)
01. 91,2341514 Καρίας (15324)
01. 91,3341413 Τιίσανδρος (13455)
01. 91,4341312 Κλεόκριτος (8569)
01. 92, l = 41211 Καλλίας Σκαμβωνίδης
(1881)
Μνασίλοχος μοι duos
menses (10324 cum
0192234110 Δόό.)
Θεόπομποςμςιόουοιιι
menses (1011)
01. 92334109 Γλαύκιππος (2919)
01. 92, 4 340918 Διοκλῆς (3984)
¹ 01. 93,134081’1 Εὐκτήμων Κυδαθη-
ναιούς (1) (5199)
01. 93, 2 340116 Ἀντιγένης (983)
01. 9331340615 Καλλίας Ἀχχελῆθιν
(1841)

634

m-—w—-a— ῃ... --η--ω- --.—.--.—-.. - —..- -.-..

'FABULAE

01. 93, 4 3 40514 Ἀλιξίας (528)

01. 94, 1 340413 ΙΙυθόδωρος (12389) ·

01. 94, 2 3 40312 Εὐκλείδης (5614)

01. 94, 3 3 40211 Μίκων (10199)

01. 94,4340110 Ξιναίνετος (11114)

01. 95, 1 3 4001399 Λάχης (9011)

01. 95233998 Ἀριστοκράτης (1894)

01. 9533398111 Εὐθυκλῆς (5515)

01. 95,4339116 Σουνιάδης (12811)

01. 96, 1 3 39615 Φορμίων (14949)

01. 96, 2 339514 Διόφαντος (4411)

0196333943 Εὐβουλίδης Ἐλευσί-
νιος (5325)

01. 96,43393χ2 Δημόστρατος (3612)

0191133921ΦιλοκλῆςἈναφλύστιος
(14518 eum Add.)

01. 91233910 Νικοτίλης (11060)

01. 91,33390.’89Δημόστρατος ἐκ Κερα-
μέων (3620)

01. 91, 4 33898 Ἀντίπατρος (1162)

01. 98, l = 38811 11υρχίων (12485)

01. 98, 2 338116 Θεόδοτος (6113)

01. 98333865 Μυστιχίδης (10516)

01. 98433854 Δεξίθεος (3215)

01. 99,1 338413 Διειτρέφης (3156)

01. 99,23 38312 Φανόστρατος (14095) ·

01. 99, 3 3 38211 Εὔανδρος (5261)

01. 91433810 Δημόφιλος (3662)

01. 100, 1 3 3801119 Πυθέας (12340)

01.100,23319,8 Νίκων (11093)

, 01.100,3331811 Ναυσίνικος Κεφα·

λῆθεν (10584) .
01. 1094331116 Καλλίας (1166)
0110113316,ιύ Χαρίσανδρος (15411)
01. 10123315χ4 Ἱπποδάμας (1610)
01. 1013331413 Σωκρατίδης (13128)
01. 101,43 31312 Ἀστεῖος (2641)

01, 1021331211 ’Λλκισθίνης (639)
01.102,2331110 Φρασικλείδης (14919)
01.102,33310169 Δυσνίκητος (4580)
01. 1014336918 Λυσίστρατος (9591)
01.103,1336811 Ν αυσιχίνης (10544)
01. 103,23 36116 Πολύζηλος (11960)
01. 1033336615 Κηφισόδωρος (8342)
01. 103,4 336514 Χίων (15552)

01. 1011336413 Τιμοκράτης (13149)
01. 104,2336312 Χαρικλείδης (15395)
0110133361) Μόλων (lom) '
01. 104,4336110 Νικόφημος (11061)
01. 105, 13360159 Καλλιμήδης (8035)
01. 1051233598 Εὐχάριστος (6143)

 

