AROHONTUM

..-.-—---.—. .- ..-

3333353431
οι. 3334534314
33. 33, 3 -- 3443
01. 33,3-.-343)3
3333353431(
3333453431)
3333534333
οι. 3433533313
01. 6663=5382⁷
01.60,4=55226
0161,=1 33313 . ,
9, 9¹9: 53594 ....ναιοςοπροττρυς
υι. 61‚3= 33413 (11011

οι. 33,4--333)3 3334334 (3333)
οι.33,ι--333)ι

01. 62, 2 = 33313

οι. 33, 3 = 333133

οι. 33, 4 = 33313

01. 63, 1 = 52811 Φιλόνεως (14611)

οι. 33353333
οι. 333--33313
01. 63, 4 -.- 3334
οι. 3435333413
3334353333
01. 64‚5=522s1
3334453333
3333353333)

Μιλτιάδης (10906)

ίΙεισίστρατυς (11199)
Ἅβρων (3)

01. 65, 2 5 51918
01. 65, 3 5 51811
01. 65, 4 5 51116
01. 66, 1 = 51615
01. 66 ,2551514
01. 66,3551413
01. 61452513)
01. 61,51 51911
0161,1551110 Ἀρτιακτίδης( (2249)
016135 51019

01. 61, 4 5 50918 Λυσαγόρεω( (1) (41631. 1680.

413141. 92153)
01. 68,15 50811 Ἰσαγόρας (1680)
οι. 66,2= 33313 Ἀικμων (343)
01, 68, 3 5 50615
01. 68, 4 5 50514
01. 6915541413 Ἀκεστορίδης (410)
01. 619 5 50312
οι. 33,3.-- 33313

016145 50110’ Ερμοκρέων (5160)
011015 500149 9 Σμῡρος (1) (12802)
18

0131354333
οι. 20,6= 43313
οι. 20,4= 4333

Λακ (mutulae (8961)
1141193 ις (8263)

635-

TABULAE

01. 11, 1 549615 Ἵππαρχος (1600)

01. 11,25 49514 Φίλιππος (14365)

01. 11, 3 5 49413 Πυθόκριτος (19451)

01.11,4549312 Θεμιστοκλῆς (6669)

01.12,1549211 Διόγνητος (3841)

01.12,2549110 Ὗβριλίδης (13896)

01.12,35490189 Φαίνιππος δ δεύτερος
(13916)

01. 12,4548918 Ἀριστείδης (1695 eum
333.) ’

01. 13, 1548811 Ἀγχίσης (182)

01.13,2548116 Τελεσῖνος (13521)

0113 ,3548615

01. 13, 45 48514 Φιλοκράτης (14568)

01. 14, 1534841 Λεῶστ ατος (9148)

01. 14, 2548312 Νικομηρδης( 10913. 44131
108534)

01. 14, 3 5 48211

01. 54,4= 43113 Ὓψιχιιης (33333)

01. 15, l 5 480119 Καλλιάδης (1113)

01.15,2541918 Ξάνθιππος (11159)

01.15,3541811 Τιμοσθένης (13801)

01.15,4541116 Ἀδείμαντος (189)

01. 16,15 41615 Φαίδων (13961)

01. 16,1541514 Δρομοκλείδης (4564)

011635 41413 Ἀκεστορίδης (411)

οι. 33454333 133433 (33333)

· οι. 33354331) Χτρης (33333)

011125 41110 11ραξίεργος (12163)
01. 1135 410169 Δημοτίων (3645)

01. 11,4 46918 Αυιφίων (2805)
0118,1546811 Θεογενίδης (6611)
01. 1125 46116 Λυσίστρατος (9599)
01. 18, 3 546615 Λυσανίας (9299)

01. 18, 4 5 46514 Λυσίθεος (9398)

01. 1915416413 Ἀρχεδημίδης (2314)
01.19,25463121“ληπόλιμος (13869)
01. 11135 46211 Κόνων (8699)
011945 46110 Εὔθιπτυς 5494)

01. 80,15 460159 Φρασικλείδης (14918)
01. 80,2545918 Φιλοκλῆς (14516)
01. 80, 3 5 45811 Ἀβρων (3)

01. 80,4545116 Μνησιθείδης (10216)
01. 81, 1 5 45615 Καλλίας (1801)
0181,2545514 Σωσίστρατος (13282)
01. 81, 3545413 Ἀρίστων (2136)
0181, 45 45312 3’1υσικ ρατης (9442)
(31313562111144ρεοανης (15115)
0182 ,9545110 Ἀντίδοτος (1016)
01. 82, 3 5 450149 Εὔθυνος (5654)

01. 8245445118 Πεδιιίας (11148)

 

